                           1         2         3         4         5
                          AU        B3U       AG        B3G       B2G
       Frequencies ---   342.5836  423.1787  594.2562  707.5695  757.7570
    Reduced masses ---     2.3856    7.6923    8.6619    6.9738    6.0055
   Force constants ---     0.1650    0.8116    1.8022    2.0571    2.0317
    IR Intensities ---     0.0000   23.1638    0.0000    0.0000    0.0000
 Coord Atom Element:
   1     1     6          0.17702   0.21731   0.00000   0.00000   0.26466
   2     1     6          0.00000   0.00000  -0.23247   0.23960   0.00000
   3     1     6          0.00000   0.00000   0.03662   0.25722   0.00000
   1     2     6         -0.17702   0.21731   0.00000   0.00000  -0.26466
   2     2     6          0.00000   0.00000  -0.23247  -0.23960   0.00000
   3     2     6          0.00000   0.00000  -0.03662   0.25722   0.00000
   1     3     7          0.00000  -0.42107   0.00000   0.00000  -0.27165
   2     3     7          0.00000   0.00000   0.00000   0.14319   0.00000
   3     3     7          0.00000   0.00000   0.44810   0.00000   0.00000
   1     4     7          0.00000  -0.42107   0.00000   0.00000   0.27165
   2     4     7          0.00000   0.00000   0.00000  -0.14319   0.00000
   3     4     7          0.00000   0.00000  -0.44810   0.00000   0.00000
   1     5     6          0.17702   0.21731   0.00000   0.00000  -0.26466
   2     5     6          0.00000   0.00000   0.23247  -0.23960   0.00000
   3     5     6          0.00000   0.00000  -0.03662  -0.25722   0.00000
   1     6     6         -0.17702   0.21731   0.00000   0.00000   0.26466
   2     6     6          0.00000   0.00000   0.23247   0.23960   0.00000
   3     6     6          0.00000   0.00000   0.03662  -0.25722   0.00000
   1     7     1          0.46762   0.33783   0.00000   0.00000  -0.37823
   2     7     1          0.00000   0.00000   0.03129  -0.30474   0.00000
   3     7     1          0.00000   0.00000   0.30535  -0.15268   0.00000
   1     8     1         -0.46762   0.33783   0.00000   0.00000   0.37823
   2     8     1          0.00000   0.00000   0.03129   0.30474   0.00000
   3     8     1          0.00000   0.00000  -0.30535  -0.15268   0.00000
   1     9     1         -0.46762   0.33783   0.00000   0.00000  -0.37823
   2     9     1          0.00000   0.00000  -0.03129  -0.30474   0.00000
   3     9     1          0.00000   0.00000   0.30535   0.15268   0.00000
   1    10     1          0.46762   0.33783   0.00000   0.00000   0.37823
   2    10     1          0.00000   0.00000  -0.03129   0.30474   0.00000
   3    10     1          0.00000   0.00000  -0.30535   0.15268   0.00000
                           6         7         8         9        10
                          B3U       AU        B1G       B2G       AG
       Frequencies ---   781.1317  902.9130  913.7712  914.4135 1023.4405
    Reduced masses ---     1.1210    1.5235    1.2586    1.1932    5.6927
   Force constants ---     0.4030    0.7318    0.6192    0.5878    3.5131
    IR Intensities ---    39.2381    0.0000    0.0000    0.0000    0.0000
 Coord Atom Element:
   1     1     6          0.04966  -0.10830   0.07551  -0.06460   0.00000
   2     1     6          0.00000   0.00000   0.00000   0.00000   0.23632
   3     1     6          0.00000   0.00000   0.00000   0.00000   0.14236
   1     2     6          0.04966   0.10830   0.07552   0.06460   0.00000
   2     2     6          0.00000   0.00000   0.00000   0.00000   0.23632
   3     2     6          0.00000   0.00000   0.00000   0.00000  -0.14236
   1     3     7         -0.01352   0.00000   0.00000  -0.00851   0.00000
   2     3     7          0.00000   0.00000   0.00000   0.00000   0.00000
   3     3     7          0.00000   0.00000   0.00000   0.00000   0.22691
   1     4     7         -0.01352   0.00000   0.00000   0.00851   0.00000
   2     4     7          0.00000   0.00000   0.00000   0.00000   0.00000
   3     4     7          0.00000   0.00000   0.00000   0.00000  -0.22691
   1     5     6          0.04966  -0.10830  -0.07551   0.06460   0.00000
   2     5     6          0.00000   0.00000   0.00000   0.00000  -0.23632
   3     5     6          0.00000   0.00000   0.00000   0.00000  -0.14236
   1     6     6          0.04966   0.10830  -0.07552  -0.06460   0.00000
   2     6     6          0.00000   0.00000   0.00000   0.00000  -0.23632
   3     6     6          0.00000   0.00000   0.00000   0.00000   0.14236
   1     7     1         -0.49744   0.48813   0.49426  -0.49578   0.00000
   2     7     1          0.00000   0.00000   0.00000   0.00000  -0.13472
   3     7     1          0.00000   0.00000   0.00000   0.00000  -0.36054
   1     8     1         -0.49744  -0.48813   0.49427   0.49577   0.00000
   2     8     1          0.00000   0.00000   0.00000   0.00000  -0.13472
   3     8     1          0.00000   0.00000   0.00000   0.00000   0.36054
   1     9     1         -0.49744  -0.48813  -0.49427  -0.49577   0.00000
   2     9     1          0.00000   0.00000   0.00000   0.00000   0.13472
   3     9     1          0.00000   0.00000   0.00000   0.00000  -0.36054
   1    10     1         -0.49744   0.48813  -0.49426   0.49578   0.00000
   2    10     1          0.00000   0.00000   0.00000   0.00000   0.13472
   3    10     1          0.00000   0.00000   0.00000   0.00000   0.36054
                          11        12        13        14        15
                          B1U       B2U       B1U       AG        B2U
       Frequencies ---  1029.3835 1088.9432 1163.1630 1261.8246 1367.1915
    Reduced masses ---     5.5127    1.8347    2.1538    1.2356    6.6844
   Force constants ---     3.4416    1.2818    1.7169    1.1591    7.3616
    IR Intensities ---    30.0549    7.6590    5.6712    0.0000    0.0081
 Coord Atom Element:
   1     1     6          0.00000   0.00000   0.00000   0.00000   0.00000
   2     1     6         -0.10904  -0.06360   0.15898   0.05538  -0.18148
   3     1     6         -0.16012  -0.10064   0.00523  -0.04383   0.15955
   1     2     6          0.00000   0.00000   0.00000   0.00000   0.00000
   2     2     6          0.10904  -0.06360  -0.15898   0.05538  -0.18148
   3     2     6         -0.16012   0.10064   0.00523   0.04383  -0.15955
   1     3     7          0.00000   0.00000   0.00000   0.00000   0.00000
   2     3     7          0.00000   0.08852   0.00000   0.00000   0.34587
   3     3     7          0.33142   0.00000   0.03592   0.01805   0.00000
   1     4     7          0.00000   0.00000   0.00000   0.00000   0.00000
   2     4     7          0.00000   0.08852   0.00000   0.00000   0.34587
   3     4     7          0.33142   0.00000   0.03592  -0.01805   0.00000
   1     5     6          0.00000   0.00000   0.00000   0.00000   0.00000
   2     5     6         -0.10904  -0.06360   0.15898  -0.05538  -0.18148
   3     5     6         -0.16012  -0.10064   0.00523   0.04383   0.15955
   1     6     6          0.00000   0.00000   0.00000   0.00000   0.00000
   2     6     6          0.10904  -0.06360  -0.15898  -0.05538  -0.18148
   3     6     6         -0.16012   0.10064   0.00523  -0.04383  -0.15955
   1     7     1          0.00000   0.00000   0.00000   0.00000   0.00000
   2     7     1          0.02881   0.14231   0.35618  -0.27842  -0.24192
   3     7     1         -0.39588  -0.46006  -0.31175   0.40906   0.27068
   1     8     1          0.00000   0.00000   0.00000   0.00000   0.00000
   2     8     1         -0.02881   0.14231  -0.35618  -0.27842  -0.24192
   3     8     1         -0.39588   0.46006  -0.31175  -0.40906  -0.27068
   1     9     1          0.00000   0.00000   0.00000   0.00000   0.00000
   2     9     1         -0.02881   0.14231  -0.35618   0.27842  -0.24192
   3     9     1         -0.39588   0.46006  -0.31175   0.40906  -0.27068
   1    10     1          0.00000   0.00000   0.00000   0.00000   0.00000
   2    10     1          0.02881   0.14231   0.35618   0.27842  -0.24192
   3    10     1         -0.39588  -0.46006  -0.31175  -0.40906   0.27068
                          16        17        18        19        20
                          B3G       B2U       B1U       B3G       AG
       Frequencies ---  1379.3266 1453.0431 1516.3156 1585.5211 1629.0916
    Reduced masses ---     1.2129    2.0389    1.8702    7.9680    4.6780
   Force constants ---     1.3596    2.5363    2.5334   11.8017    7.3148
    IR Intensities ---     0.0000   36.7830    1.2174    0.0000    0.0000
 Coord Atom Element:
   1     1     6          0.00000   0.00000   0.00000   0.00000   0.00000
   2     1     6         -0.00479  -0.00030  -0.10266  -0.25879   0.06831
   3     1     6          0.02588   0.14897   0.07811   0.14325  -0.26441
   1     2     6          0.00000   0.00000   0.00000   0.00000   0.00000
   2     2     6          0.00479  -0.00030   0.10266   0.25879   0.06831
   3     2     6          0.02588  -0.14897   0.07811   0.14325   0.26441
   1     3     7          0.00000   0.00000   0.00000   0.00000   0.00000
   2     3     7         -0.08196  -0.04612   0.00000   0.34610   0.00000
   3     3     7          0.00000   0.00000  -0.07091   0.00000   0.12266
   1     4     7          0.00000   0.00000   0.00000   0.00000   0.00000
   2     4     7          0.08196  -0.04612   0.00000  -0.34610   0.00000
   3     4     7          0.00000   0.00000  -0.07091   0.00000  -0.12266
   1     5     6          0.00000   0.00000   0.00000   0.00000   0.00000
   2     5     6          0.00479  -0.00030  -0.10266   0.25879  -0.06831
   3     5     6         -0.02588   0.14897   0.07811  -0.14325   0.26441
   1     6     6          0.00000   0.00000   0.00000   0.00000   0.00000
   2     6     6         -0.00479  -0.00030   0.10266  -0.25879  -0.06831
   3     6     6         -0.02588  -0.14897   0.07811  -0.14325  -0.26441
   1     7     1          0.00000   0.00000   0.00000   0.00000   0.00000
   2     7     1         -0.26294   0.32400   0.19870  -0.01361   0.29530
   3     7     1          0.42049  -0.34895  -0.43745   0.32005  -0.28407
   1     8     1          0.00000   0.00000   0.00000   0.00000   0.00000
   2     8     1          0.26294   0.32400  -0.19870   0.01361   0.29530
   3     8     1          0.42049   0.34895  -0.43745   0.32005   0.28407
   1     9     1          0.00000   0.00000   0.00000   0.00000   0.00000
   2     9     1         -0.26294   0.32400  -0.19870  -0.01361  -0.29530
   3     9     1         -0.42049   0.34895  -0.43745  -0.32005  -0.28407
   1    10     1          0.00000   0.00000   0.00000   0.00000   0.00000
   2    10     1          0.26294   0.32400   0.19870   0.01361  -0.29530
   3    10     1         -0.42049  -0.34895  -0.43745  -0.32005   0.28407
                          21        22        23        24
                          B1U       B3G       B2U       AG
       Frequencies ---  3249.6870 3250.4173 3272.1944 3275.8758
    Reduced masses ---     1.0903    1.0863    1.0959    1.1009
   Force constants ---     6.7838    6.7623    6.9135    6.9607
    IR Intensities ---     1.6783    0.0000   46.3509    0.0000
 Coord Atom Element:
   1     1     6          0.00000   0.00000   0.00000   0.00000
   2     1     6          0.03775   0.03634   0.03637   0.03790
   3     1     6          0.02122   0.02155   0.02607   0.02609
   1     2     6          0.00000   0.00000   0.00000   0.00000
   2     2     6         -0.03775  -0.03634   0.03637   0.03790
   3     2     6          0.02122   0.02155  -0.02607  -0.02609
   1     3     7          0.00000   0.00000   0.00000   0.00000
   2     3     7          0.00000  -0.00036  -0.00126   0.00000
   3     3     7          0.00035   0.00000   0.00000   0.00020
   1     4     7          0.00000   0.00000   0.00000   0.00000
   2     4     7          0.00000   0.00036  -0.00126   0.00000
   3     4     7          0.00035   0.00000   0.00000  -0.00020
   1     5     6          0.00000   0.00000   0.00000   0.00000
   2     5     6          0.03775  -0.03634   0.03637  -0.03790
   3     5     6          0.02122  -0.02155   0.02607  -0.02609
   1     6     6          0.00000   0.00000   0.00000   0.00000
   2     6     6         -0.03775   0.03634   0.03637  -0.03790
   3     6     6          0.02122  -0.02155  -0.02607   0.02609
   1     7     1          0.00000   0.00000   0.00000   0.00000
   2     7     1         -0.42784   0.42745  -0.42431   0.42410
   3     7     1         -0.25509   0.25594  -0.26069   0.26081
   1     8     1          0.00000   0.00000   0.00000   0.00000
   2     8     1          0.42784  -0.42745  -0.42431   0.42410
   3     8     1         -0.25509   0.25594   0.26069  -0.26081
   1     9     1          0.00000   0.00000   0.00000   0.00000
   2     9     1          0.42785   0.42744  -0.42431  -0.42410
   3     9     1         -0.25510  -0.25594   0.26069   0.26081
   1    10     1          0.00000   0.00000   0.00000   0.00000
   2    10     1         -0.42785  -0.42744  -0.42431  -0.42410
   3    10     1         -0.25510  -0.25594  -0.26069  -0.26081
